MEME version 4

ALPHABET= ACGT

Background letter frequencies
A 0.274379 C 0.229479 G 0.229557 T 0.266585

MOTIF AGGATGASTCAT
letter-probability matrix: alength= 4 w= 12 nsites= 25181 bg_prob= 0 opt_bg_order= 1 log(Pval)= -10524.6
0.3401 0.1521 0.2942 0.2136
0.1860 0.1940 0.3661 0.2539
0.1895 0.1176 0.5264 0.1666
0.6490 0.0625 0.2801 0.0083
0.0073 0.0020 0.0086 0.9821
0.0058 0.0143 0.9694 0.0106
0.9737 0.0059 0.0087 0.0117
0.0098 0.5113 0.4680 0.0108
0.0117 0.0088 0.0177 0.9617
0.0165 0.9536 0.0142 0.0157
0.9966 0.0014 0.0004 0.0016
0.0038 0.2801 0.0597 0.6564

MOTIF AGGATGASTCAT
letter-probability matrix: alength= 4 w= 12 nsites= 25181 bg_prob= 0.0000 opt_bg_order= 0 log(Pval)= -10521.4180
0.3435 0.1421 0.2871 0.2273
0.1927 0.1627 0.3762 0.2684
0.2034 0.1207 0.5274 0.1486
0.6270 0.0779 0.2861 0.0090
0.0080 0.0007 0.0081 0.9832
0.0036 0.0140 0.9757 0.0067
0.9750 0.0041 0.0091 0.0117
0.0097 0.5033 0.4764 0.0106
0.0121 0.0091 0.0098 0.9689
0.0114 0.9604 0.0165 0.0117
0.9967 0.0014 0.0000 0.0019
0.0051 0.2831 0.0783 0.6336

MOTIF TGASTCATC
letter-probability matrix: alength= 4 w= 9 nsites= 14428 bg_prob= 0.0000 opt_bg_order= 1 log(Pval)= -10435.1504
0.0025 0.0005 0.0020 0.9950
0.0272 0.0243 0.9241 0.0244
0.9370 0.0283 0.0149 0.0198
0.0144 0.4522 0.5203 0.0132
0.0207 0.0144 0.0094 0.9556
0.0150 0.9506 0.0245 0.0099
0.9695 0.0146 0.0034 0.0125
0.0118 0.2790 0.0681 0.6410
0.1644 0.5324 0.1150 0.1881

MOTIF GATGASTCA
letter-probability matrix: alength= 4 w= 9 nsites= 14428 bg_prob= 0.0000 opt_bg_order= 0 log(Pval)= -9782.8340
0.2000 0.1125 0.5472 0.1403
0.6214 0.0844 0.2815 0.0126
0.0136 0.0014 0.0145 0.9704
0.0061 0.0240 0.9604 0.0095
0.9566 0.0074 0.0155 0.0205
0.0125 0.5134 0.4607 0.0134
0.0201 0.0159 0.0168 0.9473
0.0171 0.9328 0.0284 0.0216
0.9952 0.0020 0.0002 0.0025

MOTIF ATGACGTCATCAC
letter-probability matrix: alength= 4 w= 13 nsites= 15691 bg_prob= 0.0000 opt_bg_order= 0 log(Pval)= -9006.7930
0.6974 0.0461 0.2520 0.0045
0.0015 0.0009 0.0006 0.9970
0.0114 0.0097 0.9479 0.0310
0.9643 0.0069 0.0171 0.0118
0.0163 0.7270 0.0449 0.2117
0.1663 0.0419 0.7787 0.0131
0.0429 0.0046 0.0036 0.9488
0.0225 0.9612 0.0103 0.0060
0.9745 0.0049 0.0097 0.0109
0.0059 0.2696 0.0420 0.6825
0.0860 0.5827 0.1067 0.2245
0.3576 0.2270 0.1770 0.2383
0.1940 0.3321 0.1776 0.2962

MOTIF ATGACGTCATCAC
letter-probability matrix: alength= 4 w= 13 nsites= 15691 bg_prob= 0.0000 opt_bg_order= 1 log(Pval)= -8932.2041
0.6765 0.0525 0.2652 0.0057
0.0016 0.0030 0.0007 0.9947
0.0090 0.0079 0.9326 0.0505
0.9725 0.0048 0.0138 0.0089
0.0087 0.8192 0.0251 0.1470
0.1158 0.0230 0.8537 0.0074
0.0318 0.0037 0.0025 0.9620
0.0377 0.9485 0.0079 0.0060
0.9745 0.0032 0.0151 0.0072
0.0058 0.2942 0.0436 0.6564
0.1053 0.5376 0.1262 0.2310
0.3125 0.2250 0.2274 0.2352
0.1917 0.3356 0.1973 0.2754

